204.1255 001.8457 376.7551
316.1255 -02.1543 -681.0281
415.1255 004.8457 2011.5748
485.1255 003.8457 1865.6486
519.1255 003.8457 1996.4025
487.1255 -01.1543 -562.2874
432.1255 001.8457 797.5754
368.1255 002.8457 1047.5758
247.1255 000.8457 208.9948
081.1255 000.8457 068.6081
-75.8745 000.8457 -64.1673
-211.8745 -03.1543 668.3151
-285.8745 -00.1543 044.1095
-362.8745 000.8457 -306.8841
-431.8745 000.8457 -365.2376
-530.8745 002.8457 -1510.7113
-486.8745 002.8457 -1385.5004
-430.8745 004.8457 -2087.8899
-361.8745 000.8457 -306.0384
-221.8745 000.8457 -187.6400
-57.8745 001.8457 -106.8192
227.1255 -03.1543 -716.4212
334.1255 000.8457 282.5710
430.1255 000.8457 363.7585
496.1255 000.8457 419.5749
517.1255 004.8457 2505.8367
480.1255 001.8457 886.1691
424.1255 003.8457 1631.0607
359.1255 001.8457 662.8391
227.1255 -01.1543 -262.1702
061.1255 -03.1543 -192.8079
-90.8745 -03.1543 286.6452
-224.8745 001.8457 -415.0516
-343.8745 -02.1543 740.8078
-438.8745 000.8457 -371.1575
-505.8745 002.8457 -1439.5687
-522.8745 001.8457 -965.0711
-478.8745 000.8457 -404.9857
-422.8745 006.8457 -2894.8733
-353.8745 001.8457 -653.1473
-212.8745 000.8457 -180.0286
-49.8745 000.8457 -42.1790
104.1255 000.8457 088.0592
238.1255 -00.1543 -36.7420
343.1255 001.8457 633.3078
436.1255 001.8457 804.9582
500.1255 001.8457 923.0832
516.1255 000.8457 436.4890
476.1255 002.8457 1354.9117
419.1255 000.8457 354.4557
352.1255 001.8457 649.9191
217.1255 -00.1543 -33.5018
048.1255 -01.1543 -55.5511
-29.8745 002.8457 -85.0140
-171.8745 -00.1543 026.5197
-319.8745 000.8457 -270.5189
-451.8745 000.8457 -382.1517
-515.8745 003.8457 -1983.9003
-524.8745 000.8457 -443.8880
-475.8745 000.8457 -402.4485
-420.8745 004.8457 -2039.4330
-342.8745 000.8457 -289.9700
-201.8745 002.8457 -574.4749
-36.8745 001.8457 -68.0594
115.1255 000.8457 097.3620
246.1255 003.8457 946.5256
348.1255 001.8457 642.5363
443.1255 000.8457 374.7526
502.1255 005.8457 2935.2766
512.1255 004.8457 2481.6082
467.1255 000.8457 395.0495
413.1255 001.8457 762.5070
346.1255 -02.1543 -745.6570
195.1255 -01.1543 -225.2327
030.1255 000.8457 025.4772
-119.8745 -02.1543 258.2453
-253.8745 -03.1543 800.7956
-361.8745 004.8457 -1753.5365
-453.8745 000.8457 -383.8431
-512.8745 002.8457 -1459.4886
-519.8745 000.8457 -439.6595
-470.8745 002.8457 -1339.9691
-414.8745 000.8457 -350.8607
-334.8745 000.8457 -283.2044
-186.8745 000.8457 -158.0404
-21.8745 000.8457 -18.4993
129.1255 000.8457 109.2018
258.1255 000.8457 218.2975
360.1255 -02.1543 -775.8172
451.1255 001.8457 832.6437
507.1255 -04.1543 -2106.7498
512.1255 000.8457 433.1061
463.1255 001.8457 854.7922
411.1255 -02.1543 -885.6863
329.1255 000.8457 278.3425
183.1255 000.8457 154.8698
020.1255 -01.1543 -23.2308
-125.8745 000.8457 -106.4525
-260.8745 -01.1543 301.1266
-368.8745 000.8457 -311.9583
-458.8745 -01.1543 529.6774
-517.8745 -02.1543 1115.6554
-514.8745 -00.1543 079.4435
-462.8745 001.8457 -854.3289
-407.8745 002.8457 -1160.6898
-322.8745 002.8457 -918.8050
-168.8745 000.8457 -142.8177
-09.8745 -00.1543 001.5236
141.1255 -01.1543 -162.9007
269.1255 000.8457 227.6003
368.1255 000.8457 311.3249
457.1255 003.8457 1757.9689
510.1255 001.8457 941.5402
510.1255 003.8457 1961.7911
460.1255 000.8457 389.1296
402.1255 000.8457 340.0788
322.1255 -00.1543 -49.7030
172.1255 -03.1543 -542.9349
009.1255 001.8457 016.8429
-137.8745 -03.1543 434.8972
-266.8745 001.8457 -492.5711
-378.8745 001.8457 -699.2899
-463.8745 000.8457 -392.3001
-519.8745 -04.1543 2159.7131
-510.8745 000.8457 -432.0482
-455.8745 004.8457 -2209.0325
-402.8745 003.8457 -1549.3358
-310.8745 000.8457 -262.9075
-157.8745 -00.1543 024.3595
002.1255 000.8457 001.7975
152.1255 000.8457 128.6530
275.1255 000.8457 232.6745
375.1255 -00.1543 -57.8807
462.1255 004.8457 2239.3230
512.1255 001.8457 945.2316
507.1255 -01.1543 -585.3734
456.1255 000.8457 385.7468
400.1255 -00.1543 -61.7381
307.1255 -03.1543 -968.7650
158.1255 000.8457 133.7272
-03.8745 003.8457 -14.9002
-149.8745 000.8457 -126.7493
-279.8745 -03.1543 882.8073
-386.8745 -00.1543 059.6935
-465.8745 000.8457 -393.9915
-522.8745 000.8457 -442.1966
-510.8745 -00.1543 078.8263
-454.8745 011.8457 -5388.3086
-398.8745 001.8457 -736.2039
-298.8745 001.8457 -551.6336
-141.8745 001.8457 -261.8582
022.1255 001.8457 040.8371
164.1255 000.8457 138.8014
285.1255 -02.1543 -614.2449
384.1255 001.8457 708.9816
468.1255 -03.1543 -1476.6068
513.1255 -00.1543 -79.1737
503.1255 003.8457 1934.8712
452.1255 004.8457 2190.8660
396.1255 001.8457 731.1301
299.1255 -02.1543 -644.4051
145.1255 002.8457 412.9841
-17.8745 -00.1543 002.7580
-161.8745 -02.1543 348.7258
-287.8745 000.8457 -243.4564
-393.8745 -01.1543 454.6481
-474.8745 000.8457 -401.6028
-522.8745 -01.1543 603.5524
-503.8745 006.8457 -3449.3752
-449.8745 000.8457 -380.4603
-391.8745 002.8457 -1115.1586
-287.8745 000.8457 -243.4564
-129.8745 000.8457 -109.8353
031.1255 -02.1543 -67.0535
175.1255 000.8457 148.1042
293.1255 000.8457 247.8971
391.1255 -03.1543 -1233.7260
473.1255 002.8457 1346.3746
516.1255 -02.1543 -1111.8876
502.1255 000.8457 424.6491
447.1255 003.8457 1719.5118
390.1255 000.8457 329.9304
288.1255 001.8457 531.7941
131.1255 -00.1543 -20.2323
-29.8745 -04.1543 124.1076
-170.8745 -04.1543 709.8635
-298.8745 000.8457 -252.7591
-354.8745 001.8457 -654.9930
-415.8745 000.8457 -351.7064
-462.8745 005.8457 -2705.8269
-506.8745 000.8457 -428.6653
-449.8745 004.8457 -2179.9583
-391.8745 003.8457 -1507.0331
-280.8745 001.8457 -518.4109
-118.8745 000.8457 -100.5325
038.1255 -02.1543 -82.1336
183.1255 -03.1543 -577.6321
299.1255 000.8457 252.9714
395.1255 -00.1543 -60.9666
472.1255 001.8457 871.4035
515.1255 -00.1543 -79.4823
489.1255 000.8457 413.6550
437.1255 000.8457 369.6784
380.1255 004.8457 1841.9752
271.1255 000.8457 229.2917
112.1255 -01.1543 -129.4261
-47.8745 -03.1543 151.0104
-186.8745 -04.1543 776.3322
-307.8745 -02.1543 663.2531
-410.8745 -02.1543 885.1457
-488.8745 000.8457 -413.4427
-528.8745 -00.1543 081.6037
-497.8745 000.8457 -421.0540
-441.8745 002.8457 -1257.4437
-380.8745 001.8457 -702.9813
-262.8745 000.8457 -222.3138
-101.8745 -01.1543 117.5934
056.1255 001.8457 103.5910
198.1255 -03.1543 -624.9466
311.1255 000.8457 263.1198
408.1255 001.8457 753.2785
482.1255 000.8457 407.7350
520.1255 004.8457 2520.3738
489.1255 -00.1543 -75.4705
434.1255 -00.1543 -66.9842
378.1255 000.8457 319.7819
262.1255 -00.1543 -40.4451
099.1255 001.8457 182.9562
-57.8745 -16.1543 934.9221
-197.8745 000.8457 -167.3431
-321.8745 -06.1543 1980.9113
-416.8745 000.8457 -352.5521
-492.8745 002.8457 -1402.5746
-526.8745 -02.1543 1135.0441
-490.8745 000.8457 -415.1341
-435.8745 -02.1543 939.0031
-373.8745 -00.1543 057.6877
-249.8745 -03.1543 788.1784
-86.8745 -03.1543 274.0280
071.1255 -00.1543 -10.9744
207.1255 -00.1543 -31.9588
320.1255 -01.1543 -369.5198
416.1255 001.8457 768.0441
486.1255 002.8457 1383.3688
517.1255 000.8457 437.3347
488.1255 002.8457 1389.0602
433.1255 002.8457 1232.5465
371.1255 000.8457 313.8620
249.1255 001.8457 459.8117
086.1255 -01.1543 -99.4144
-66.8745 -01.1543 077.1930
-203.8745 -01.1543 235.3317
-326.8745 -03.1543 1031.0592
-426.8745 -01.1543 492.7399
-494.8745 000.8457 -418.5169
-526.8745 003.8457 -2026.2030
-486.8745 002.8457 -1385.5004
-431.8745 001.8457 -797.1121
-366.8745 -00.1543 056.6076
-237.8745 -00.1543 036.7033
-70.8745 -00.1543 010.9357
079.1255 -03.1543 -249.5853
216.1255 002.8457 615.0290
325.1255 000.8457 274.9597
422.1255 000.8457 356.9929
493.1255 000.8457 417.0378
516.1255 000.8457 436.4890
482.1255 000.8457 407.7350
427.1255 002.8457 1215.4723
364.1255 001.8457 672.0676
239.1255 -00.1543 -36.8963
075.1255 -07.1543 -537.4700
-78.8745 -01.1543 091.0446
-217.8745 002.8457 -620.0062
-333.8745 000.8457 -282.3587
-430.8745 -01.1543 497.3571
-501.8745 001.8457 -926.3113
-526.8745 000.8457 -445.5794
-482.8745 003.8457 -1856.9921
-424.8745 -00.1543 065.5568
-360.8745 -00.1543 055.6818
-222.8745 -01.1543 257.2634
-61.8745 -00.1543 009.5470
093.1255 002.8457 265.0075
227.1255 000.8457 192.0807
332.1255 -02.1543 -715.4969
428.1255 -01.1543 -494.1839
495.1255 002.8457 1408.9801
517.1255 002.8457 1471.5856
478.1255 000.8457 404.3522
422.1255 -00.1543 -65.1326
356.1255 -04.1543 -1479.4510
231.1255 -06.1543 -1422.4149
063.1255 -00.1543 -09.7401
-91.8745 -01.1543 106.0505
-225.8745 -03.1543 712.4753
-343.8745 -04.1543 1428.5568
-438.8745 000.8457 -371.1575
-502.8745 000.8457 -425.2825
-523.8745 002.8457 -1490.7914
-478.8745 -01.1543 552.7634
-419.8745 -00.1543 064.7853
-352.8745 -00.1543 054.4474
-212.8745 002.8457 -605.7776
-51.8745 001.8457 -95.7449
104.1255 001.8457 192.1847
237.1255 -00.1543 -36.5877
341.1255 000.8457 288.4909
435.1255 000.8457 367.9870
499.1255 -00.1543 -77.0135
516.1255 -01.1543 -595.7620
475.1255 004.8457 2302.3171
421.1255 002.8457 1198.3981
348.1255 -03.1543 -1098.0912
215.1255 -00.1543 -33.1932
050.1255 000.8457 042.3913
-103.8745 000.8457 -87.8470
-236.8745 -00.1543 036.5490
-349.8745 -01.1543 403.8591
-442.8745 000.8457 -374.5403
-508.8745 000.8457 -430.3568
-525.8745 002.8457 -1496.4828
-461.8745 000.8457 -390.6087
-343.8745 004.8457 -1666.3138
-274.8745 004.8457 -1331.9603
-177.8745 001.8457 -328.3035
-41.8745 001.8457 -77.2879
111.1255 000.8457 093.9792
243.1255 000.8457 205.6120
345.1255 000.8457 291.8737
440.1255 001.8457 812.3410
500.1255 001.8457 923.0832
512.1255 000.8457 433.1061
464.1255 000.8457 392.5124
408.1255 -02.1543 -879.2234
336.1255 000.8457 284.2624
198.1255 -01.1543 -228.6956
034.1255 -01.1543 -39.3909
-117.8745 -02.1543 253.9367
-250.8745 -04.1543 1042.2072
-362.8745 001.8457 -669.7586
-453.8745 003.8457 -1745.4667
-514.8745 000.8457 -435.4310
-519.8745 -01.1543 600.0895
-471.8745 001.8457 -870.9402
-413.8745 000.8457 -350.0150
-337.8745 001.8457 -623.6160
-186.8745 004.8457 -905.5384
-24.8745 -00.1543 003.8381
123.1255 -01.1543 -142.1234
256.1255 001.8457 472.7316
360.1255 -00.1543 -55.5662
448.1255 -01.1543 -517.2698
506.1255 000.8457 428.0319
511.1255 006.8457 3499.0134
464.1255 000.8457 392.5124
410.1255 -01.1543 -473.4066
329.1255 -01.1543 -379.9085
185.1255 -00.1543 -28.5643
023.1255 -00.1543 -03.5682
-126.8745 -01.1543 146.4509
-261.8745 000.8457 -221.4681
-369.8745 -03.1543 1166.6940
-458.8745 001.8457 -846.9461
-517.8745 000.8457 -437.9681
-514.8745 001.8457 -950.3055
-462.8745 002.8457 -1317.2035
-410.8745 001.8457 -758.3524
-325.8745 -03.1543 1027.9049
-173.8745 000.8457 -147.0462
-11.8745 -01.1543 013.7067
138.1255 -02.1543 -297.5633
266.1255 -02.1543 -573.3133
367.1255 000.8457 310.4792
455.1255 000.8457 384.9011
509.1255 001.8457 939.6945
510.1255 001.8457 941.5402
461.1255 002.8457 1312.2262
408.1255 002.8457 1161.4039
321.1255 002.8457 913.8278
172.1255 000.8457 145.5671
011.1255 000.8457 009.4089
-134.8745 000.8457 -114.0638
-267.8745 000.8457 -226.5423
-377.8745 002.8457 -1075.3187
-464.8745 -02.1543 1001.4777
-518.8745 002.8457 -1476.5629
-510.8745 001.8457 -942.9227
-459.8745 002.8457 -1308.6664
-400.8745 004.8457 -1942.5189
-314.8745 -03.1543 993.2077
-159.8745 000.8457 -135.2064
002.1255 -03.1543 -06.7044
148.1255 -02.1543 -319.1063
274.1255 -01.1543 -316.4222
375.1255 -02.1543 -808.1317
461.1255 000.8457 389.9753
511.1255 003.8457 1965.6368
508.1255 002.8457 1445.9742
455.1255 -00.1543 -70.2244
404.1255 001.8457 745.8957
310.1255 002.8457 882.5251
160.1255 -01.1543 -184.8324
-01.8745 -01.1543 002.1637
-145.8745 -01.1543 168.3825
-276.8745 001.8457 -511.0281
-386.8745 -01.1543 446.5681
-469.8745 000.8457 -397.3743
-523.8745 001.8457 -966.9168
-510.8745 003.8457 -1964.6718
-454.8745 000.8457 -384.6888
-396.8745 -00.1543 061.2365
-305.8745 004.8457 -1482.1771
-145.8745 000.8457 -123.3665
013.1255 000.8457 011.1003
167.1255 -03.1543 -527.1634
283.1255 000.8457 239.4401
380.1255 000.8457 321.4733
464.1255 -00.1543 -71.6131
512.1255 -00.1543 -79.0194
503.1255 003.8457 1934.8712
451.1255 001.8457 832.6437
396.1255 000.8457 335.0046
303.1255 001.8457 559.4797
147.1255 -01.1543 -169.8265
-15.8745 -01.1543 018.3239
-158.8745 -02.1543 342.2629
-285.8745 -03.1543 901.7331
-392.8745 004.8457 -1903.7533
-475.8745 -00.1543 073.4259
-522.8745 000.8457 -442.1966
-509.8745 -00.1543 078.6720
-451.8745 -00.1543 069.7228
-393.8745 000.8457 -333.1009
-291.8745 000.8457 -246.8392
-131.8745 -00.1543 020.3478
024.1255 000.8457 020.4030
171.1255 001.8457 315.8469
291.1255 -03.1543 -918.2962
388.1255 000.8457 328.2390
468.1255 002.8457 1332.1461
516.1255 000.8457 436.4890
500.1255 001.8457 923.0832
447.1255 -01.1543 -516.1155
392.1255 -00.1543 -60.5037
291.1255 003.8457 1119.5822
135.1255 -01.1543 -155.9749
-23.8745 -01.1543 027.5583
-165.8745 -02.1543 357.3430
-293.8745 -00.1543 045.3439
-399.8745 -01.1543 461.5739
-479.8745 001.8457 -885.7059
-526.8745 000.8457 -445.5794
-499.8745 000.8457 -422.7454
-446.8745 001.8457 -824.7977
-388.8745 003.8457 -1495.4960
-281.8745 -01.1543 325.3669
-118.8745 -05.1543 612.7145
104.1255 001.8457 192.1847
252.1255 004.8457 1221.7252
346.1255 001.8457 638.8449
391.1255 000.8457 330.7761
471.1255 004.8457 2282.9343
516.1255 003.8457 1984.8654
491.1255 002.8457 1397.5973
438.1255 000.8457 370.5241
378.1255 -01.1543 -436.4691
276.1255 000.8457 233.5202
116.1255 -03.1543 -366.2943
-44.8745 000.8457 -37.9505
-184.8745 -02.1543 398.2746
-309.8745 -02.1543 667.5617
-409.8745 -07.1543 2932.3640
-488.8745 001.8457 -902.3172
-529.8745 000.8457 -448.1165
-496.8745 003.8457 -1910.8319
-443.8745 -00.1543 068.4884
-382.8745 002.8457 -1089.5472
-270.8745 000.8457 -229.0794
-105.8745 -03.1543 333.9597
065.1255 -00.1543 -10.0487
207.1255 -03.1543 -653.3353
316.1255 -02.1543 -681.0281
413.1255 000.8457 349.3815
484.1255 000.8457 409.4265
519.1255 -00.1543 -80.0994
485.1255 000.8457 410.2722
432.1255 -01.1543 -498.8011
373.1255 -00.1543 -57.5721
251.1255 -03.1543 -792.1243
087.1255 -00.1543 -13.4432
-68.8745 -02.1543 148.3761
-206.8745 000.8457 -174.9544
-326.8745 -01.1543 377.3102
-426.8745 -00.1543 065.8654
-494.8745 -00.1543 076.3576
-526.8745 000.8457 -445.5794
-486.8745 000.8457 -411.7513
-431.8745 004.8457 -2092.7356
-366.8745 -00.1543 056.6076
-237.8745 000.8457 -201.1712
-75.8745 003.8457 -291.7908
078.1255 -01.1543 -90.1800
217.1255 -02.1543 -467.7527
329.1255 -00.1543 -50.7830
420.1255 004.8457 2035.8033
492.1255 001.8457 908.3176
519.1255 001.8457 958.1516
487.1255 000.8457 411.9636
427.1255 000.8457 361.2214
366.1255 004.8457 1774.1354
236.1255 002.8457 671.9431
