1487.00
1465.00
1483.00
1481.00
1443.00
1448.00
1456.00
1460.00
1461.00
1341.00
1345.00
1341.00
1345.00
1355.00
1300.00
1306.00
1308.00
1320.00
1333.00
1307.00
1308.00
1291.00
1289.00
1287.00
1123.00
1128.00
1133.00
1143.00
1143.00
1312.00
1308.00
1333.00
1333.00
1336.00
924.00
933.00
926.00
939.00
943.00
900.00
916.00
910.00
910.00
921.00
881.00
883.00
890.00
898.00
1052.00
1065.00
1124.00
1108.00
1130.00
934.00
930.00
926.00
929.00
923.00
1021.00
1016.00
1020.00
1018.00
1009.00
1119.00
1116.00
1107.00
1120.00
1135.00
1460.00
1453.00
1451.00
1452.00
1448.00
1345.00
1332.00
1332.00
1320.00
1324.00
1412.00
1409.00
1411.00
1405.00
1474.00
1473.00
1447.00
1450.00
1460.00
1461.00
1617.00
1598.00
1592.00
1540.00
1505.00
1460.00
1466.00
1461.00
1465.00
1470.00
1399.00
1392.00
